000011010000110100001100000010110000101100001010
000001100000010100000100000001000000001100000011
000000000000000011111111111111111111111111111111
111111101111111011111110111111101111111011111110
111111111111111100000000000000000000000000000000
000011010000110000001100000010110000101000001010
000001010000010100000100000001000000001100000011
000000000000000000000000111111111111111111111111
111111101111111011111110111111101111111011111110
111111111111111100000000000000000000000000000000
000011010000110000001100000010110000101000001010
000001010000010100000100000001000000001100000011
000000000000000000000000111111111111111111111111
111111101111111011111110111111101111111011111110
111111111111111111111111000000000000000000000000
000011010000110000001100000010110000101000001010
000001010000010100000100000001000000001100000011
000000000000000000000000111111111111111111111111
111111101111111011111110111111101111111011111110
111111111111111111111111000000000000000000000000
000011010000110000001011000010110000101000001001
000001010000010100000100000001000000001100000011
000000000000000000000000111111111111111111111111
111111101111111011111110111111101111111011111110
111111111111111111111111000000000000000000000000
000011000000110000001011000010110000101000001001
000001010000010100000100000001000000001100000011
000000000000000000000000000000001111111111111111
111111101111111011111110111111101111111011111110
111111111111111111111111000000000000000000000000
000011000000110000001011000010100000101000001001
000001010000010100000100000001000000010000000011
000000000000000000000000000000001111111111111111
111111101111111011111110111111101111111011111110
111111111111111111111111000000000000000000000000
000011000000110000001011000010100000101000001001
000001010000010100000100000001000000010000000011
000000010000000000000000000000001111111111111111
111111101111111011111110111111101111111011111110
111111111111111111111111000000000000000000000000
000011000000101100001011000010100000101000001001
000001010000010100000100000001000000010000000011
000000010000000000000000000000000000000011111111
111111101111111011111110111111101111111011111110
111111111111111111111111000000000000000000000000
000011000000101100001011000010100000101000001001
000001010000010100000100000001000000010000000011
000000010000000000000000000000000000000011111111
111111111111111011111110111111101111111011111110
111111111111111111111111000000000000000000000000
000011000000101100001011000010100000100100001001
000001010000010100000100000001000000010000000011
000000010000000000000000000000000000000000000000
111111111111111111111110111111101111111011111110
111111111111111111111111000000000000000000000000
000010110000101100001010000010100000100100001001
000001010000010100000100000001000000010000000011
000000010000000100000000000000000000000000000000
111111111111111111111111111111111111111111111111
111111111111111111111111000000000000000000000000
000010110000101100001010000010100000100100001001
000001010000010100000100000001000000010000000011
000000010000000100000000000000000000000000000000
111111111111111111111111111111111111111111111111
111111111111111111111111000000000000000000000000
000010110000101100001010000010100000100100001001
000001010000010100000100000001000000010000000011
000000010000000100000000000000000000000000000000
111111111111111111111111111111111111111111111111
111111111111111111111111000000000000000000000000
000010110000101000001010000010010000100100001000
000001010000010100000100000001000000010000000011
000000010000000100000000000000000000000000000000
111111111111111111111111111111111111111111111111
111111111111111111111111000000000000000000000000
000010110000101000001010000010010000100100001000
000001010000010100000100000001000000010000000011
000000010000000100000001000000000000000000000000
111111111111111111111111111111111111111111111111
111111111111111111111111000000000000000000000000
000010110000101000001010000010010000100100001000
000001010000010100000100000001000000010000000011
000000010000000100000001000000000000000000000000
111111111111111111111111111111111111111111111111
111111111111111111111111111111110000000000000000
000010100000101000001010000010010000100100001000
000001010000010100000100000001000000010000000011
000000010000000100000001000000000000000000000000
111111111111111111111111111111111111111111111111
111111111111111111111111111111110000000000000000
000010100000101000001001000010010000100100001000
000001010000010100000100000001000000010000000011
000000010000000100000001000000010000000000000000
111111111111111111111111111111111111111111111111
111111111111111111111111111111110000000000000000
000010100000101000001001000010010000100000001000
000001010000010100000100000001000000010000000011
000000010000000100000001000000010000000000000000
111111111111111111111111111111111111111111111111
111111111111111111111111111111110000000000000000
000010100000100100001001000010010000100000001000
000001010000010100000100000001000000010000000011
000000010000000100000001000000010000000000000000
111111111111111111111111111111111111111111111111
111111111111111111111111111111110000000000000000
000010100000100100001001000010010000100000001000
000001010000010100000100000001000000010000000011
000000010000000100000001000000010000000100000000
111111111111111111111111111111111111111111111111
111111111111111111111111111111110000000000000000
000010100000100100001001000010000000100000001000
000001010000010100000100000001000000010000000100
000000100000000100000001000000010000000100000000
111111111111111111111111111111111111111111111111
111111111111111111111111111111110000000000000000
000010010000100100001001000010000000100000001000
000001010000010100000100000001000000010000000100
000000100000000100000001000000010000000100000001
111111111111111111111111111111111111111111111111
111111111111111111111111111111111111111100000000
000010010000100100001001000010000000100000001000
000001010000010100000100000001000000010000000100
000000100000000100000001000000010000000100000001
000000001111111111111111111111111111111111111111
111111111111111111111111111111111111111100000000
000010010000100100001000000010000000100000000111
000001010000010100000100000001000000010000000100
000000100000000100000001000000010000000100000001
000000000000000011111111111111111111111111111111
111111111111111111111111111111111111111100000000
000010010000100100001000000010000000100000000111
000001010000010100000100000001000000010000000100
000000100000001000000001000000010000000100000001
000000000000000011111111111111111111111111111111
111111111111111111111111111111111111111100000000
000010010000100000001000000010000000100000000111
000001010000010100000100000001000000010000000100
000000100000001000000001000000010000000100000001
000000000000000000000000111111111111111111111111
111111111111111111111111111111111111111111111111
000010010000100000001000000010000000011100000111
000001010000010100000100000001000000010000000100
000000100000001000000001000000010000000100000001
000000000000000000000000000000001111111111111111
111111111111111111111111111111111111111111111111
000010000000100000001000000010000000011100000111
000001010000010100000100000001000000010000000100
000000100000001000000010000000010000000100000001
000000000000000000000000000000000000000011111111
111111111111111111111111111111111111111111111111
000010000000100000001000000001110000011100000111
000001010000010100000100000001000000010000000100
000000100000001000000010000000010000000100000001
000000000000000000000000000000000000000011111111
111111111111111111111111111111111111111111111111
000010000000100000001000000001110000011100000111
000001010000010100000100000001000000010000000100
000000100000001000000010000000010000000100000001
000000000000000000000000000000000000000000000000
111111111111111111111111111111111111111111111111
000010000000100000000111000001110000011100000111
000001010000010100000100000001000000010000000100
000000100000001000000010000000100000000100000001
000000000000000000000000000000000000000000000000
111111111111111111111111111111111111111111111111
000010000000100000000111000001110000011100000111
000001010000010100000100000001000000010000000100
000000100000001000000010000000100000000100000001
000000000000000000000000000000000000000000000000
111111111111111111111111111111111111111111111111
000010000000011100000111000001110000011100000111
000001010000010100000100000001000000010000000100
000000100000001000000010000000100000000100000001
000000000000000000000000000000000000000000000000
111111111111111111111111111111111111111111111111
000001110000011100000111000001110000011100000110
000001010000010100000100000001000000010000000100
000000100000001000000010000000100000001000000001
000000000000000000000000000000000000000000000000
111111111111111111111111111111111111111111111111
000001110000011100000111000001110000011100000110
000001010000010100000100000001000000010000000100
000000100000001000000010000000100000001000000001
000000000000000000000000000000000000000000000000
111111111111111111111111111111111111111111111111
000001110000011100000111000001110000011000000110
000001010000010100000100000001000000010000000100
000000100000001000000010000000100000001000000001
000000000000000000000000000000000000000000000000
111111111111111111111111111111111111111111111111
000001110000011100000111000001110000011000000110
000001010000010100000100000001000000010000000100
000000100000001000000010000000100000001000000010
000000000000000000000000000000000000000000000000
111111111111111111111111111111111111111111111111
000001110000011100000111000001100000011000000110
000001010000010100000100000001000000010000000100
000000100000001000000010000000100000001000000010
000000010000000000000000000000000000000000000000
111111111111111111111111111111111111111111111111
000001110000011100000110000001100000011000000110
000001010000010100000100000001000000010000000100
000000110000001000000010000000100000001000000010
000000010000000000000000000000000000000000000000
111111111111111111111111111111111111111111111111
000001110000011000000110000001100000011000000110
000001010000010100000100000001000000010000000100
000000110000001000000010000000100000001000000010
000000010000000100000000000000000000000000000000
111111111111111111111111111111111111111111111111
000001100000011000000110000001100000011000000110
000001010000010100000100000001000000010000000100
000000110000001000000010000000100000001000000010
000000010000000100000000000000000000000000000000
111111111111111111111111111111111111111111111111
000001100000011000000110000001100000011000000110
000001010000010100000100000001000000010000000100
000000110000001100000010000000100000001000000010
000000010000000100000001000000000000000000000000
111111111111111111111111111111111111111111111111
000001100000011000000110000001100000011000000110
000001010000010100000100000001000000010000000100
000000110000001100000010000000100000001000000010
000000010000000100000001000000000000000000000000
000000001111111111111111111111111111111111111111
000001100000011000000110000001100000011000000101
000001010000010000000100000001000000010000000100
000000110000001100000010000000100000001000000010
000000010000000100000001000000000000000000000000
000000001111111111111111111111111111111111111111
000001100000011000000110000001100000010100000101
000001010000010000000100000001000000010000000100
000000110000001100000011000000100000001000000010
000000010000000100000001000000010000000000000000
000000001111111111111111111111111111111111111111
000001100000011000000110000001010000010100000101
000001010000010000000100000001000000010000000100
000000110000001100000011000000100000001000000010
000000010000000100000001000000010000000000000000
000000001111111111111111111111111111111111111111
000001100000010100000101000001010000010100000101
000001010000010000000100000001000000010000000100
000000110000001100000011000000100000001000000010
000000010000000100000001000000010000000100000000
000000001111111111111111111111111111111111111111
000001010000010100000101000001010000010100000101
000001010000010000000100000001000000010000000100
000000110000001100000011000000110000001000000010
000000010000000100000001000000010000000100000000
000000000000000011111111111111111111111111111111
000001010000010100000101000001010000010100000101
000001000000010000000100000001000000010000000100
000000110000001100000011000000110000001000000010
000000010000000100000001000000010000000100000000
000000000000000011111111111111111111111111111111
000001010000010100000101000001010000010100000101
000001000000010000000100000001000000010000000100
000000110000001100000011000000110000001000000010
000000010000000100000001000000010000000100000001
000000000000000011111111111111111111111111111111
000001010000010100000101000001010000010100000101
000001000000010000000100000001000000010000000100
000000110000001100000011000000110000001100000010
000000010000000100000001000000010000000100000001
000000000000000011111111111111111111111111111111
000001010000010100000101000001010000010100000101
000001000000010000000100000001000000010000000100
000000110000001100000011000000110000001100000010
000000010000000100000001000000010000000100000001
000000000000000011111111111111111111111111111111
000001010000010100000101000001010000010100000101
000001000000010000000100000001000000010000000100
000000110000001100000011000000110000001100000010
000000010000000100000001000000010000000100000001
000000000000000011111111111111111111111111111111
000001010000010100000101000001010000010100000101
000001000000010000000100000001000000010000000100
000000110000001100000011000000110000001100000011
000000010000000100000001000000010000000100000001
000000000000000011111111111111111111111111111111
000001000000010000000100000001000000010000000100
000001000000010000000100000001000000010000000100
000000110000001100000011000000110000001100000011
000000100000000100000001000000010000000100000001
000000000000000011111111111111111111111111111111
000001000000010000000100000001000000010000000100
000001000000010000000100000001000000010000000100
000000110000001100000011000000110000001100000011
000000100000000100000001000000010000000100000001
000000000000000000000000111111111111111111111111
000001000000010000000100000001000000010000000100
000001000000010000000100000001000000010000000100
000000110000001100000011000000110000001100000011
000000100000001000000001000000010000000100000001
000000000000000000000000111111111111111111111111
000001000000010000000100000001000000010000000100
000001000000010000000100000001000000010000000100
000000110000001100000011000000110000001100000011
000000100000001000000001000000010000000100000001
000000000000000000000000111111111111111111111111
000001000000010000000100000001000000010000000100
000001000000010000000100000001000000010000000100
000000110000001100000011000000110000001100000011
000000100000001000000001000000010000000100000001
000000000000000000000000111111111111111111111111
000001000000010000000100000001000000010000000100
000001000000010000000100000001000000010000000100
000000110000001100000011000000110000001100000011
000000100000001000000010000000010000000100000001
000000000000000000000000111111111111111111111111
000001000000010000000100000001000000010000000100
000001000000010000000100000001000000010000000100
000000110000001100000011000000110000001100000011
000000100000001000000010000000010000000100000001
000000000000000000000000111111111111111111111111
000000110000010000000100000001000000010000000100
000001000000010000000100000001000000010000000100
000000110000001100000011000000110000001100000011
000000100000001000000010000000010000000100000001
000000000000000000000000111111111111111111111111
000000110000001100000100000001000000010000000100
000001000000010000000100000001000000010000000100
000001000000001100000011000000110000001100000011
000000100000001000000010000000100000000100000001
000000000000000000000000111111111111111111111111
000000110000001100000011000001000000010000000100
000001000000010000000100000001000000010000000100
000001000000001100000011000000110000001100000011
000000100000001000000010000000100000000100000001
000000000000000000000000111111111111111111111111
000000110000001100000011000000110000010000000100
000001000000010000000100000001000000010000000100
000001000000001100000011000000110000001100000011
000000100000001000000010000000100000000100000001
000000000000000000000000111111111111111111111111
000000110000001100000011000000110000001100000100
000001000000010000000100000001000000010000000100
000001000000010000000011000000110000001100000011
000000100000001000000010000000100000000100000001
000000000000000000000000000000001111111111111111
000000110000001100000011000000110000001100000011
000001000000010000000100000001000000010000000100
000001000000010000000011000000110000001100000011
000000100000001000000010000000100000001000000001
000000000000000000000000000000001111111111111111
000000110000001100000011000000110000001100000011
000001000000010000000100000001000000010000000100
000001000000010000000100000000110000001100000011
000000100000001000000010000000100000001000000001
000000000000000000000000000000001111111111111111
000000110000001100000011000000110000001100000011
000001000000010000000100000001000000010000000100
000001000000010000000100000000110000001100000011
000000100000001000000010000000100000001000000001
000000000000000000000000000000001111111111111111
000000110000001100000011000000110000001100000011
000001000000010000000100000001000000010000000100
000001000000010000000100000000110000001100000011
000000100000001000000010000000100000001000000001
000000000000000000000000000000001111111111111111
000000100000001100000011000000110000001100000011
000001000000010000000100000001000000010000000100
000001000000010000000100000001000000001100000011
000000100000001000000010000000100000001000000010
000000000000000000000000000000001111111111111111
000000100000001000000011000000110000001100000011
000001000000010000000100000001000000010000000100
000001000000010000000100000001000000001100000011
000000100000001000000010000000100000001000000010
000000000000000000000000000000001111111111111111
000000100000001000000011000000110000001100000011
000001000000010000000100000001000000010000000100
000001000000010000000100000001000000010000000011
000000100000001000000010000000100000001000000010
000000000000000000000000000000001111111111111111
000000100000001000000010000000110000001100000011
000001000000010000000100000001000000010000000100
000001000000010000000100000001000000010000000011
000000110000001000000010000000100000001000000010
000000000000000000000000000000001111111111111111
000000100000001000000010000000110000001100000011
000001000000010000000100000001000000010000000100
000001000000010000000100000001000000010000000011
000000110000001000000010000000100000001000000010
000000000000000000000000000000001111111111111111
000000100000001000000010000000100000001100000011
000001000000010000000100000001000000010000000100
000001000000010000000100000001000000010000000100
000000110000001000000010000000100000001000000010
000000000000000000000000000000001111111111111111
000000100000001000000010000000100000001100000011
000001000000010000000100000001000000010000000100
000001000000010000000100000001000000010000000100
000000110000001100000010000000100000001000000010
000000000000000000000000000000001111111111111111
000000100000001000000010000000100000001000000011
000001000000010000000100000001000000010000000100
000001000000010000000100000001000000010000000100
000000110000001100000010000000100000001000000010
000000000000000000000000000000000000000011111111
000000100000001000000010000000100000001000000011
000001000000010000000100000001000000010000000100
000001000000010000000100000001000000010000000100
000000110000001100000010000000100000001000000010
000000000000000000000000000000000000000011111111
000000010000001000000010000000100000001000000010
000000110000010000000100000001000000010000000100
000001000000010000000100000001000000010000000100
000000110000001100000010000000100000001000000010
000000000000000000000000000000000000000011111111
000000010000001000000010000000100000001000000010
000000110000010000000100000001000000010000000100
000001000000010000000100000001000000010000000100
000000110000001100000011000000100000001000000010
000000010000000000000000000000000000000011111111
000000010000000100000010000000100000001000000010
000000110000010000000100000001000000010000000100
000001000000010000000100000001000000010000000100
000000110000001100000011000000100000001000000010
000000010000000000000000000000000000000011111111
000000010000000100000010000000100000001000000010
000000110000001100000100000001000000010000000100
000001000000010000000100000001000000010000000100
000000110000001100000011000000100000001000000010
000000010000000000000000000000000000000011111111
000000010000000100000001000000100000001000000010
000000110000001100000100000001000000010000000100
000001000000010000000100000001000000010000000100
000000110000001100000011000000100000001000000010
000000010000000000000000000000000000000011111111
000000010000000100000001000000100000001000000010
000000110000001100000100000001000000010000000100
000001000000010000000100000001000000010000000100
000000110000001100000011000000110000001000000010
000000010000000000000000000000000000000011111111
000000010000000100000001000000100000001000000010
000000110000001100000100000001000000010000000100
000001000000010000000100000001000000010000000100
000000110000001100000011000000110000001000000010
000000010000000000000000000000000000000011111111
000000010000000100000001000000010000001000000010
000000110000001100000011000001000000010000000100
000001000000010000000100000001000000010000000100
000000110000001100000011000000110000001000000010
000000010000000000000000000000000000000011111111
000000010000000100000001000000010000001000000010
000000110000001100000011000001000000010000000100
000001000000010000000100000001000000010000000100
000000110000001100000011000000110000001000000010
000000010000000000000000000000000000000011111111
000000010000000100000001000000010000001000000010
000000110000001100000011000001000000010000000100
000001000000010000000100000001000000010000000100
000000110000001100000011000000110000001100000010
000000010000000100000000000000000000000011111111
000000000000000100000001000000010000000100000010
000000110000001100000011000001000000010000000100
000001000000010000000100000001000000010000000100
000000110000001100000011000000110000001100000010
000000010000000100000000000000000000000000000000
000000000000000100000001000000010000000100000010
000000110000001100000011000000110000010000000100
000001000000010000000100000001000000010000000100
000000110000001100000011000000110000001100000010
000000010000000100000000000000000000000000000000
000000000000000100000001000000010000000100000010
000000110000001100000011000000110000010000000100
000001000000010000000100000001000000010000000100
000000110000001100000011000000110000001100000010
000000010000000100000000000000000000000000000000
000000000000000000000001000000010000000100000010
000000110000001100000011000000110000010000000100
000001000000010000000100000001000000010000000100
000000110000001100000011000000110000001100000010
000000010000000100000000000000000000000000000000
000000000000000000000001000000010000000100000001
000000110000001100000011000000110000010000000100
000001000000010000000100000001000000010000000100
000000110000001100000011000000110000001100000011
000000010000000100000000000000000000000000000000
000000000000000000000001000000010000000100000001
000000110000001100000011000000110000010000000100
000001000000010000000100000001000000010000000100
000000110000001100000011000000110000001100000011
000000010000000100000000000000000000000000000000
000000000000000000000001000000010000000100000001
000000110000001100000011000000110000010000000100
000001000000010000000100000001000000010000000100
000000110000001100000011000000110000001100000011
000000010000000100000001000000000000000000000000
000000000000000000000000000000010000000100000001
000000110000001100000011000000110000001100000100
000001000000010000000100000001000000010000000100
000000110000001100000011000000110000001100000011
000000010000000100000001000000000000000000000000
000000000000000000000000000000010000000100000001
000000110000001100000011000000110000001100000100
000001000000010000000100000001000000010000000100
000000110000001100000011000000110000001100000011
000000010000000100000001000000000000000000000000
000000000000000000000000000000010000000100000001
000000110000001100000011000000110000001100000100
000001000000010000000100000001000000010000000100
000001000000001100000011000000110000001100000011
000000010000000100000001000000000000000000000000
000000000000000000000000000000010000000100000001
000000110000001100000011000000110000001100000100
000001000000010000000100000001000000010000000100
000001000000001100000011000000110000001100000011
000000010000000100000001000000000000000000000000
000000000000000000000000000000000000000100000001
000000110000001100000011000000110000001100000100
000001000000010000000100000001000000010000000100
000001000000001100000011000000110000001100000011
000000010000000100000001000000000000000000000000
000000000000000000000000000000000000000100000001
000000110000001100000011000000110000001100000011
000001000000010000000100000001000000010000000100
000001000000001100000011000000110000001100000011
000000010000000100000001000000000000000000000000
111111110000000000000000000000000000000100000001
000000110000001100000011000000110000001100000011
000001000000010000000100000001000000010000000100
000001000000001100000011000000110000001100000011
000000010000000100000001000000000000000000000000
111111110000000000000000000000000000000100000001
000000110000001100000011000000110000001100000011
000001000000010000000100000001000000010000000100
000001000000010000000011000000110000001100000011
000000010000000100000001000000010000000000000000
111111110000000000000000000000000000000100000001
000000110000001100000011000000110000001100000011
000001000000010000000100000001000000010000000100
000001000000010000000011000000110000001100000011
000000010000000100000001000000010000000000000000
111111110000000000000000000000000000000000000001
000000100000001100000011000000110000001100000011
000001000000010000000100000001000000010000000100
000001000000010000000011000000110000001100000011
000000010000000100000001000000010000000000000000
111111111111111100000000000000000000000000000001
000000100000001100000011000000110000001100000011
000001000000010000000100000001000000010000000100
000001000000010000000011000000110000001100000011
000000010000000100000001000000010000000000000000
111111111111111100000000000000000000000000000001
000000100000001100000011000000110000001100000011
000001000000010000000100000001000000010000000100
000001000000010000000011000000110000001100000011
000000010000000100000001000000010000000000000000
111111111111111100000000000000000000000000000001
000000100000001100000011000000110000001100000011
000001000000010000000100000001000000010000000100
000001000000010000000100000000110000001100000011
000000100000000100000001000000010000000000000000
111111111111111100000000000000000000000000000001
000000100000001100000011000000110000001100000011
000001000000010000000100000001000000010000000100
000001000000010000000100000000110000001100000011
000000100000000100000001000000010000000000000000
111111111111111100000000000000000000000000000000
000000100000001100000011000000110000001100000011
000001000000010000000100000001000000010000000100
000001000000010000000100000000110000001100000011
000000100000000100000001000000010000000100000000
111111111111111100000000000000000000000000000000
000000100000001000000011000000110000001100000011
000001000000010000000100000001000000010000000100
000001000000010000000100000000110000001100000011
000000100000000100000001000000010000000100000000
111111111111111111111111000000000000000000000000
000000100000001000000011000000110000001100000011
000001000000010000000100000001000000010000000100
000001000000010000000100000000110000001100000011
000000100000000100000001000000010000000100000000
111111111111111111111111000000000000000000000000
000000100000001000000011000000110000001100000011
000001000000010000000100000001000000010000000100
000001000000010000000100000000110000001100000011
000000100000000100000001000000010000000100000000
111111111111111111111111000000000000000000000000
000000100000001000000011000000110000001100000011
000001000000010000000100000001000000010000000100
000001000000010000000100000001000000001100000011
000000100000000100000001000000010000000100000000
111111111111111111111111000000000000000000000000
000000100000001000000011000000110000001100000011
000001000000010000000100000001000000010000000100
000001000000010000000100000001000000001100000011
000000100000001000000001000000010000000100000000
111111111111111111111111000000000000000000000000
000000100000001000000011000000110000001100000011
000001000000010000000100000001000000010000000100
000001000000010000000100000001000000001100000011
000000100000001000000001000000010000000100000000
111111111111111111111111000000000000000000000000
000000100000001000000010000000110000001100000011
000001000000010000000100000001000000010000000100
000001000000010000000100000001000000001100000011
000000100000001000000001000000010000000100000001
111111111111111111111111111111110000000000000000
000000100000001000000010000000110000001100000011
000001000000010000000100000001000000010000000100
000001000000010000000100000001000000001100000011
000000100000001000000001000000010000000100000001
111111101111111111111111111111110000000000000000
000000100000001000000010000000110000001100000011
000001000000010000000100000001000000010000000100
000001000000010000000100000001000000010000000011
000000100000001000000001000000010000000100000001
111111101111111111111111111111110000000000000000
000000100000001000000010000000110000001100000011
000001000000010000000100000001000000010000000100
000001000000010000000100000001000000010000000011
000000100000001000000001000000010000000100000001
111111101111111111111111111111110000000000000000
000000100000001000000010000000110000001100000011
000001000000010000000100000001000000010000000100
000001000000010000000100000001000000010000000011
000000100000001000000010000000010000000100000001
111111101111111111111111111111110000000000000000
000000100000001000000010000000110000001100000011
000001000000010000000100000001000000010000000100
000001000000010000000100000001000000010000000011
000000100000001000000010000000010000000100000001
111111101111111111111111111111110000000000000000
000000100000001000000010000000100000001100000011
000001000000010000000100000001000000010000000100
000001000000010000000100000001000000010000000011
000000100000001000000010000000010000000100000001
111111101111111111111111111111110000000000000000
000000100000001000000010000000100000001100000011
000001000000010000000100000001000000010000000100
000001000000010000000100000001000000010000000011
000000100000001000000010000000010000000100000001
111111101111111111111111111111110000000000000000
000000100000001000000010000000100000001100000011
000001000000010000000100000001000000010000000100
000001000000010000000100000001000000010000000100
000000100000001000000010000000010000000100000001
111111101111111111111111111111111111111100000000
000000100000001000000010000000100000001100000011
000001000000010000000100000001000000010000000100
000001000000010000000100000001000000010000000100
000000100000001000000010000000100000000100000001
111111101111111111111111111111111111111100000000
000000100000001000000010000000100000001100000011
000001000000010000000100000001000000010000000100
000001000000010000000100000001000000010000000100
000000100000001000000010000000100000000100000001
111111101111111011111111111111111111111100000000
000000100000001000000010000000100000001100000011
000001000000010000000100000001000000010000000100
000001000000010000000100000001000000010000000100
000000100000001000000010000000100000000100000001
111111101111111011111111111111111111111100000000
000000100000001000000010000000100000001000000011
000001000000010000000100000001000000010000000100
000001000000010000000100000001000000010000000100
000000100000001000000010000000100000000100000001
111111101111111011111111111111111111111100000000
000000100000001000000010000000100000001000000011
000001000000010000000100000001000000010000000100
000001000000010000000100000001000000010000000100
000000100000001000000010000000100000000100000001
111111101111111011111111111111111111111100000000
000000010000001000000010000000100000001000000011
000001000000010000000100000001000000010000000100
000001000000010000000100000001000000010000000100
000000100000001000000010000000100000001000000001
111111101111111011111111111111111111111100000000
000000010000001000000010000000100000001000000011
000001000000010000000100000001000000010000000100
000001000000010000000100000001000000010000000100
000000100000001000000010000000100000001000000001
111111101111111011111111111111111111111100000000
000000010000001000000010000000100000001000000011
000001000000010000000100000001000000010000000100
000001000000010000000100000001000000010000000100
000000110000001000000010000000100000001000000001
111111101111111011111111111111111111111111111111
000000010000001000000010000000100000001000000011
000001000000010000000100000001000000010000000100
000001000000010000000100000001000000010000000100
000000110000001000000010000000100000001000000001
111111101111111011111111111111111111111111111111
000000010000001000000010000000100000001000000010
000001000000010000000100000001000000010000000100
000001000000010000000100000001000000010000000100
000000110000001000000010000000100000001000000001
111111101111111011111111111111111111111111111111
000000010000001000000010000000100000001000000010
000001000000010000000100000001000000010000000100
000001000000010000000100000001000000010000000100
000000110000001000000010000000100000001000000010
111111101111111011111111111111111111111111111111
000000010000001000000010000000100000001000000010
000001000000010000000100000001000000010000000100
000001000000010000000100000001000000010000000100
000000110000001000000010000000100000001000000010
111111101111111011111111111111111111111111111111
000000010000000100000010000000100000001000000010
000001000000010000000100000001000000010000000100
000001000000010000000100000001000000010000000100
000000110000001100000010000000100000001000000010
111111101111111011111111111111111111111111111111
000000010000000100000010000000100000001000000010
000000110000010000000100000001000000010000000100
000001000000010000000100000001000000010000000100
000000110000001100000010000000100000001000000010
111111101111111011111110111111111111111111111111
000000010000000100000010000000100000001000000010
000000110000010000000100000001000000010000000100
000001000000010000000100000001000000010000000100
000000110000001100000010000000100000001000000010
111111101111111011111110111111111111111111111111
000000010000000100000010000000100000001000000010
000000110000010000000100000001000000010000000100
000001000000010000000100000001000000010000000100
000000110000001100000010000000100000001000000010
111111101111111011111110111111111111111111111111
000000010000000100000010000000100000001000000010
000000110000010000000100000001000000010000000100
000001000000010000000100000001000000010000000100
000000110000001100000011000000100000001000000010
111111101111111011111110111111111111111111111111
000000010000000100000010000000100000001000000010
000000110000001100000100000001000000010000000100
000001000000010000000100000001000000010000000100
000000110000001100000011000000100000001000000010
111111101111111011111110111111111111111111111111
000000010000000100000001000000100000001000000010
000000110000001100000100000001000000010000000100
000001000000010000000100000001000000010000000100
000000110000001100000011000000100000001000000010
111111101111111011111110111111111111111111111111
000000010000000100000001000000100000001000000010
000000110000001100000100000001000000010000000100
000001000000010000000100000001000000010000000100
000000110000001100000011000000100000001000000010
111111101111111011111110111111111111111111111111
000000010000000100000001000000100000001000000010
000000110000001100000011000001000000010000000100
000001000000010000000100000001000000010000000100
000000110000001100000011000000110000001000000010
111111101111111011111110111111111111111111111111
000000010000000100000001000000100000001000000010
000000110000001100000011000001000000010000000100
000001000000010000000100000001000000010000000100
000000110000001100000011000000110000001000000010
111111101111111011111110111111111111111111111111
000000010000000100000001000000100000001000000010
000000110000001100000011000001000000010000000100
000001000000010000000100000001000000010000000100
000000110000001100000011000000110000001000000010
111111101111111011111110111111111111111111111111
000000010000000100000001000000100000001000000010
000000110000001100000011000000110000010000000100
000001000000010000000100000001000000010000000100
000000110000001100000011000000110000001100000010
111111101111111011111110111111111111111111111111
000000010000000100000001000000010000001000000010
000000110000001100000011000000110000010000000100
000001000000010000000100000001000000010000000100
000000110000001100000011000000110000001100000010
111111101111111011111110111111111111111111111111
000000010000000100000001000000010000001000000010
000000110000001100000011000000110000010000000100
000001000000010000000100000001000000010000000100
000000110000001100000011000000110000001100000010
111111101111111011111110111111111111111111111111
000000010000000100000001000000010000001000000010
000000110000001100000011000000110000001100000100
000001000000010000000100000001000000010000000100
000000110000001100000011000000110000001100000011
111111101111111011111110111111111111111111111111
000000010000000100000001000000010000001000000010
000000110000001100000011000000110000001100000100
000001000000010000000100000001000000010000000100
000000110000001100000011000000110000001100000011
111111101111111011111110111111111111111111111111
000000010000000100000001000000010000001000000010
000000110000001100000011000000110000001100000100
000001000000010000000100000001000000010000000100
000000110000001100000011000000110000001100000011
111111101111111011111110111111111111111111111111
000000010000000100000001000000010000000100000010
000000110000001100000011000000110000001100000011
000001000000010000000100000001000000010000000100
000000110000001100000011000000110000001100000011
111111101111111011111110111111111111111111111111
000000010000000100000001000000010000000100000010
000000110000001100000011000000110000001100000011
000001000000010000000100000001000000010000000100
000000110000001100000011000000110000001100000011
111111101111111011111110111111111111111111111111
000000010000000100000001000000010000000100000010
000000110000001100000011000000110000001100000011
000001000000010000000100000001000000010000000100
000001000000001100000011000000110000001100000011
111111101111111011111110111111111111111111111111
000000010000000100000001000000010000000100000010
000000110000001100000011000000110000001100000011
000001000000010000000100000001000000010000000100
000001000000001100000011000000110000001100000011
111111101111111011111110111111111111111111111111
000000000000000100000001000000010000000100000001
000000110000001100000011000000110000001100000011
000001000000010000000100000001000000010000000100
000001000000010000000011000000110000001100000011
111111101111111011111110111111111111111111111111
000000000000000100000001000000010000000100000001
000000110000001100000011000000110000001100000011
000001000000010000000100000001000000010000000100
000001000000010000000011000000110000001100000011
111111101111111011111110111111111111111111111111
000000000000000100000001000000010000000100000001
000000110000001100000011000000110000001100000011
000001000000010000000100000001000000010000000100
000001000000010000000100000000110000001100000011
111111101111111011111110111111111111111111111111
000000000000000100000001000000010000000100000001
000000110000001100000011000000110000001100000011
000001000000010000000100000001000000010000000100
000001000000010000000100000000110000001100000011
111111101111111011111110111111111111111111111111
000000000000000100000001000000010000000100000001
000000100000001100000011000000110000001100000011
000001000000010000000100000001000000010000000100
000001000000010000000100000001000000001100000011
111111101111111011111110111111111111111111111111
000000000000000100000001000000010000000100000001
000000100000001100000011000000110000001100000011
000001000000010000000100000001000000010000000100
000001000000010000000100000001000000010000000011
111111101111111011111110111111111111111111111111
000000000000000000000001000000010000000100000001
000000100000001100000011000000110000001100000011
000001000000010000000100000001000000010000000100
000001000000010000000100000001000000010000000011
111111101111111011111110111111111111111111111111
000000000000000000000001000000010000000100000001
000000100000001100000011000000110000001100000011
000001000000010000000100000001000000010000000100
000001000000010000000100000001000000010000000100
111111101111111011111110111111111111111111111111
000000000000000000000001000000010000000100000001
000000100000001000000011000000110000001100000011
000001000000010000000100000001000000010000000100
000001000000010000000100000001000000010000000100
111111101111111011111110111111111111111111111111
000000000000000000000001000000010000000100000001
000000100000001000000011000000110000001100000011
000001000000010000000100000001000000010000000100
000001000000010000000100000001000000010000000100
111111101111111011111110111111111111111111111111
000000000000000000000001000000010000000100000001
000000100000001000000010000000110000001100000011
000001000000010000000100000001000000010000000100
000001000000010000000100000001000000010000000100
111111101111111011111111111111111111111111111111
000000000000000000000000000000010000000100000001
000000100000001000000010000000110000001100000011
000001000000010000000100000001000000010000000100
000001000000010000000100000001000000010000000100
111111101111111011111111111111111111111111111111
000000000000000000000000000000010000000100000001
000000100000001000000010000000110000001100000011
000001000000010000000100000001000000010000000100
000001000000010000000100000001000000010000000100
111111101111111011111111111111111111111111111111
000000000000000000000000000000010000000100000001
000000100000001000000010000000100000001100000011
000001000000010000000100000001000000010000000100
000001000000010000000100000001000000010000000100
111111101111111011111111111111111111111111111111
000000000000000000000000000000010000000100000001
000000100000001000000010000000100000001100000011
000001000000010000000100000001000000010000000100
000001000000010000000100000001000000010000000100
111111101111111011111111111111111111111111111111
000000000000000000000000000000000000000100000001
000000100000001000000010000000100000001100000011
000000110000010000000100000001000000010000000100
000001000000010000000100000001000000010000000100
111111101111111011111111111111111111111111111111
000000000000000000000000000000000000000100000001
000000100000001000000010000000100000001000000011
000000110000010000000100000001000000010000000100
000001000000010000000100000001000000010000000100
111111101111111111111111111111111111111111111111
000000000000000000000000000000000000000100000001
000000100000001000000010000000100000001000000011
000000110000010000000100000001000000010000000100
000001000000010000000100000001000000010000000100
111111101111111111111111111111111111111111111111
000000000000000000000000000000000000000100000001
000000100000001000000010000000100000001000000010
000000110000010000000100000001000000010000000100
000001000000010000000100000001000000010000000100
111111101111111111111111111111111111111111111111
000000000000000000000000000000000000000000000001
000000100000001000000010000000100000001000000010
000000110000001100000100000001000000010000000100
000001000000010000000100000001000000010000000100
111111111111111111111111111111111111111111111111
000000000000000000000000000000000000000000000001
000000100000001000000010000000100000001000000010
000000110000001100000100000001000000010000000100
000001000000010000000100000001010000010100000101
111111111111111111111111111111111111111111111111
000000000000000000000000000000000000000000000001
000000100000001000000010000000100000001000000010
000000110000001100000100000001000000010000000100
000001000000010000000101000001010000010100000101
111111111111111111111111111111111111111111111111
000000000000000000000000000000000000000000000000
000000100000001000000010000000100000001000000010
000000110000001100000100000001000000010000000100
000001000000010100000101000001010000010100000101
111111111111111111111111111111111111111111111111
000000000000000000000000000000000000000000000000
000000010000001000000010000000100000001000000010
000000110000001100000011000001000000010000000100
000001010000010100000101000001010000010100000101
111111111111111111111111111111111111111111111111
000000000000000000000000000000000000000000000000
000000010000001000000010000000100000001000000010
000000110000001100000011000001000000010000000100
000001010000010100000101000001010000010100000101
111111111111111111111111111111111111111111111111
000000000000000000000000000000000000000000000000
000000010000001000000010000000100000001000000010
000000110000001100000011000001000000010000000100
000001010000010100000101000001010000010100000101
111111111111111111111111111111111111111111111111
000000000000000000000000000000000000000000000000
000000010000000100000010000000100000001000000010
000000110000001100000011000001000000010000000100
000001010000010100000101000001010000010100000101
111111111111111111111111111111111111111111111111
000000000000000000000000000000000000000000000000
000000010000000100000010000000100000001000000010
000000110000001100000011000001000000010000000100
000001010000010100000101000001010000010100000101
111111111111111111111111111111111111111111111111
000000000000000000000000000000000000000000000000
000000010000000100000001000000100000001000000010
000000110000001100000011000000110000010000000100
000001010000010100000101000001010000010100000101
111111111111111111111111111111111111111111111111
000000000000000000000000000000000000000000000000
000000010000000100000001000000100000001000000010
000000110000001100000011000000110000010000000100
000001010000010100000101000001010000010100000101
111111111111111111111111111111111111111111111111
000000000000000000000000000000000000000000000000
000000010000000100000001000000010000001000000010
000000110000001100000011000000110000010000000100
000001010000010100000101000001010000010100000101
111111111111111111111111111111111111111111111111
000000000000000000000000000000000000000000000000
000000010000000100000001000000010000001000000010
000000110000001100000011000000110000010000000100
000001010000010100000101000001010000010100000101
111111111111111111111111111111111111111111111111
000000000000000000000000000000000000000000000000
000000010000000100000001000000010000001000000010
000000110000001100000011000000110000010000000100
000001010000010100000101000001010000010100000110
111111111111111111111111111111111111111111111111
000000000000000000000000000000000000000000000000
000000010000000100000001000000010000000100000010
000000110000001100000011000000110000010000000100
000001010000010100000101000001010000010100000110
111111111111111111111111111111111111111111111111
000000000000000000000000000000000000000000000000
000000010000000100000001000000010000000100000010
000000110000001100000011000000110000001100000100
000001010000010100000101000001010000011000000110
111111111111111111111111111111111111111111111111
111111110000000000000000000000000000000000000000
000000010000000100000001000000010000000100000001
000000110000001100000011000000110000001100000100
000001010000010100000101000001010000011000000110
111111111111111111111111111111111111111111111111
111111110000000000000000000000000000000000000000
000000010000000100000001000000010000000100000001
000000110000001100000011000000110000001100000100
000001010000010100000101000001100000011000000110
111111111111111111111111111111111111111111111111
111111111111111100000000000000000000000000000000
000000010000000100000001000000010000000100000001
000000110000001100000011000000110000001100000100
000001010000010100000101000001100000011000000110
111111111111111111111111111111111111111111111111
111111111111111100000000000000000000000000000000
000000010000000100000001000000010000000100000001
000000110000001100000011000000110000001100000100
000001010000010100000101000001100000011000000110
000000001111111111111111111111111111111111111111
111111111111111111111111000000000000000000000000
000000000000000100000001000000010000000100000001
000000110000001100000011000000110000001100000100
000001010000010100000110000001100000011000000110
000000000000000011111111111111111111111111111111
111111111111111111111111000000000000000000000000
000000000000000100000001000000010000000100000001
000000100000001100000011000000110000001100000100
000001010000010100000110000001100000011000000110
000000000000000000000000111111111111111111111111
111111111111111111111111111111110000000000000000
000000000000000000000001000000010000000100000001
000000100000001100000011000000110000001100000100
000001010000010100000110000001100000011000000110
000000000000000000000000000000001111111111111111
111111111111111111111111111111110000000000000000
000000000000000000000001000000010000000100000001
000000100000001100000011000000110000001100000100
000001010000010100000110000001100000011000000110
000000000000000000000000000000001111111111111111
111111111111111111111111111111111111111100000000
000000000000000000000000000000010000000100000001
000000100000001100000011000000110000001100000011
000001010000010100000110000001100000011000000110
000000000000000000000000000000000000000011111111
111111111111111111111111111111111111111111111111
000000000000000000000000000000010000000100000001
000000100000001100000011000000110000001100000011
000001010000011000000110000001100000011000000111
000000000000000000000000000000000000000011111111
111111111111111111111111111111111111111111111111
000000000000000000000000000000000000000100000001
000000100000001000000011000000110000001100000011
000001010000011000000110000001100000011000000111
000000000000000000000000000000000000000000000000
111111111111111111111111111111111111111111111111
000000000000000000000000000000000000000100000001
000000100000001000000011000000110000001100000011
000001010000011000000110000001100000011000000111
000000000000000000000000000000000000000000000000
111111111111111111111111111111111111111111111111
000000000000000000000000000000000000000100000001
000000100000001000000011000000110000001100000011
000001010000011000000110000001100000011100000111
000000000000000000000000000000000000000000000000
111111111111111111111111111111111111111111111111
000000000000000000000000000000000000000000000001
000000100000001000000011000000110000001100000011
000001010000011000000110000001100000011100000111
000000000000000000000000000000000000000000000000
111111111111111111111111111111111111111111111111
000000000000000000000000000000000000000000000001
000000100000001000000011000000110000001100000011
000001010000011000000110000001100000011100000111
000000000000000000000000000000000000000000000000
111111111111111111111111111111111111111111111111
000000000000000000000000000000000000000000000000
000000100000001000000010000000110000001100000011
000001010000011000000110000001100000011100000111
000000000000000000000000000000000000000000000000
111111111111111111111111111111111111111111111111
000000000000000000000000000000000000000000000000
000000100000001000000010000000110000001100000011
000001010000011000000110000001100000011100000111
000000000000000000000000000000000000000000000000
111111111111111111111111111111111111111111111111
000000000000000000000000000000000000000000000000
000000100000001000000010000000110000001100000011
000001100000011000000110000001110000011100000111
000000000000000000000000000000000000000000000000
111111111111111111111111111111111111111111111111
000000000000000000000000000000000000000000000000
000000100000001000000010000000110000001100000011
000001100000011000000110000001110000011100000111
000000010000000000000000000000000000000000000000
111111111111111111111111111111111111111111111111
111111110000000000000000000000000000000000000000
000000100000001000000010000000110000001100000011
000001100000011000000110000001110000011100000111
000000010000000000000000000000000000000000000000
111111111111111111111111111111111111111111111111
111111111111111100000000000000000000000000000000
000000100000001000000010000000110000001100000011
000001100000011000000110000001110000011100001000
000000010000000100000000000000000000000000000000
111111111111111111111111111111111111111111111111
111111111111111100000000000000000000000000000000
000000100000001000000010000000100000001100000011
000001100000011000000110000001110000011100001000
000000010000000100000000000000000000000000000000
111111111111111111111111111111111111111111111111
111111111111111111111111000000000000000000000000
000000100000001000000010000000100000001100000011
000001100000011000000110000001110000011100001000
000000010000000100000000000000000000000000000000
111111111111111111111111111111111111111111111111
111111111111111111111111000000000000000000000000
000000010000001000000010000000100000001100000011
000001100000011000000110000001110000011100001000
000000010000000100000001000000000000000000000000
111111111111111111111111111111111111111111111111
111111111111111111111111111111110000000000000000
000000010000001000000010000000100000001100000011
000001100000011000000111000001110000011100001000
000000010000000100000001000000000000000000000000
111111111111111111111111111111111111111111111111
111111111111111111111111111111110000000000000000
000000010000001000000010000000100000001100000011
000001100000011000000111000001110000011100001000
000000010000000100000001000000000000000000000000
111111111111111111111111111111111111111111111111
111111111111111111111111111111111111111100000000
000000010000001000000010000000100000001100000011
000001100000011000000111000001110000100000001000
000000010000000100000001000000000000000000000000
111111111111111111111111111111111111111111111111
111111111111111111111111111111111111111100000000
000000010000001000000010000000100000001100000011
000001100000011000000111000001110000100000001000
000000010000000100000001000000010000000000000000
111111111111111111111111111111111111111111111111
111111111111111111111111111111111111111111111111
000000010000000100000010000000100000001100000011
000001100000011000000111000001110000100000001000
000000010000000100000001000000010000000000000000
111111111111111111111111111111111111111111111111
111111111111111111111111111111111111111111111111
000000010000000100000010000000100000001000000011
000001100000011000000111000001110000100000001000
000000010000000100000001000000010000000000000000
111111111111111111111111111111111111111111111111
111111111111111111111111111111111111111111111111
000000010000000100000010000000100000001000000011
000001100000011000000111000001110000100000001000
000000100000000100000001000000010000000000000000
111111111111111111111111111111111111111111111110
111111111111111111111111111111111111111111111111
000000010000000100000010000000100000001000000011
000001100000011000000111000001110000100000001000
000000100000000100000001000000010000000100000000
111111111111111111111111111111111111111111111110
111111111111111111111111111111111111111111111111
000000010000000100000010000000100000001000000011
000001100000011000000111000001110000100000001001
000000100000000100000001000000010000000100000000
111111111111111111111111111111111111111011111110
111111101111111111111111111111111111111111111111
000000010000000100000010000000100000001000000011
000001100000011000000111000010000000100000001001
000000100000000100000001000000010000000100000000
111111111111111111111111111111111111111011111110
111111101111111011111111111111111111111111111111
000000010000000100000001000000100000001000000011
000001100000011000000111000010000000100000001001
000000100000001000000001000000010000000100000000
111111111111111111111111111111101111111011111110
111111101111111011111110111111111111111111111111
000000010000000100000001000000100000001000000011
000001100000011100000111000010000000100000001001
000000100000001000000001000000010000000100000000
111111111111111111111111111111101111111011111110
111111101111111011111110111111111111111111111111
000000010000000100000001000000100000001000000011
000001100000011100000111000010000000100000001001
000000100000001000000001000000010000000100000000
111111111111111111111111111111101111111011111110
111111101111111011111110111111101111111111111111
000000010000000100000001000000100000001000000011
000001100000011100000111000010000000100000001001
000000100000001000000001000000010000000100000001
111111111111111111111111111111101111111011111110
111111101111111011111110111111101111111111111111
000000010000000100000001000000100000001000000010
000001100000011100000111000010000000100000001001
000000100000001000000010000000010000000100000001
111111111111111111111111111111101111111011111110
111111101111111011111110111111101111111011111111
000000000000000100000001000000100000001000000010
000001100000011100000111000010000000100000001001
000000100000001000000010000000010000000100000001
111111111111111111111110111111101111111011111110
111111101111111011111110111111101111111011111111
000000000000000100000001000000100000001000000010
000001100000011100000111000010000000100100001001
000000100000001000000010000000010000000100000001
111111111111111111111110111111101111111011111110
111111101111111011111110111111101111111011111110
000000000000000100000001000000010000001000000010
000001100000011100000111000010000000100100001001
000000100000001000000010000000010000000100000001
111111111111111111111110111111101111111011111110
111111101111111011111110111111101111111011111110
000000000000000100000001000000010000001000000010
000001100000011100000111000010000000100100001001
000000110000001000000010000000010000000100000001
111111111111111111111110111111101111111011111110
111111101111111011111110111111101111111011111110
000000000000000100000001000000010000001000000010
000001100000011100000111000010000000100100001001
000100110001000100010000000011100000110100001011
000100100001000100010000000011100000110100001011
000100100001000100001111000011100000110100001011
000100100001000000001111000011100000110000001011
000100010001000000001111000011100000110000001011
000100010001000000001111000011010000110000001011
000100000000111100001110000011010000110000001011
000100000000111100001110000011010000110000001011
000100000000111100001110000011010000110000001011
000011110000111100001110000011010000110000001011
000011110000111000001101000011010000110000001011
000011110000111000001101000011000000110000001011
000011100000111000001101000011000000110000001011
000011100000110100001101000011000000101100001011
000011010000110100001100000011000000101100001011
000011010000110100001100000011000000101100001011
000011010000110000001100000011000000101100001011
000011000000110000001100000010110000101100001011
000011000000110000001011000010110000101100001011
000011000000101100001011000010110000101100001011
000010110000101100001011000010110000101100001011
000010110000101100001011000010110000101100001011
000010100000101000001010000010110000101100001011
000010100000101000001010000010100000101000001011
000010100000101000001010000010100000101000001010
000010010000101000001010000010100000101000001010
000010010000100100001010000010100000101000001010
000010000000100100001001000010100000101000001010
000010000000100100001001000010010000101000001010
000010000000100000001001000010010000101000001010
000001110000100000001001000010010000101000001010
000001110000100000001000000010010000101000001010
000001110000011100001000000010010000100100001010
000001100000011100001000000010010000100100001010
000001100000011100001000000010000000100100001010
000001010000011000000111000010000000100100001010
000001010000011000000111000010000000100100001010
000001010000011000000111000010000000100100001010
000001000000010100000111000010000000100100001010
000001000000010100000110000001110000100100001010
000000110000010100000110000001110000100100001010
000000110000010000000110000001110000100000001010
000000110000010000000110000001110000100000001010
000000100000010000000101000001110000100000001010
000000100000001100000101000001110000100000001010
000000100000001100000101000001100000100000001010
000000010000001100000100000001100000100000001010
000000010000001100000100000001100000100000001001
