00010011
00010001
00010000
00001110
00001101
00001011
00001010
00001000
00000111
00000101
00000011
00000010
00010010
00010001
00010000
00001110
00001101
00001011
00001010
00001000
00000111
00000101
00000100
00000010
00010010
00010001
00001111
00001110
00001101
00001011
00001010
00001000
00000111
00000110
00000100
00000011
00010010
00010000
00001111
00001110
00001100
00001011
00001010
00001000
00000111
00000110
00000100
00000011
00010001
00010000
00001111
00001110
00001100
00001011
00001010
00001001
00000111
00000110
00000101
00000011
00010001
00010000
00001111
00001101
00001100
00001011
00001010
00001001
00000111
00000110
00000101
00000100
00010000
00001111
00001110
00001101
00001100
00001011
00001010
00001001
00001000
00000111
00000101
00000100
00010000
00001111
00001110
00001101
00001100
00001011
00001010
00001001
00001000
00000111
00000110
00000101
00010000
00001111
00001110
00001101
00001100
00001011
00001010
00001001
00001000
00000111
00000110
00000101
00001111
00001111
00001110
00001101
00001100
00001011
00001010
00001001
00001000
00000111
00000110
00000101
00001111
00001110
00001101
00001101
00001100
00001011
00001010
00001001
00001000
00001000
00000111
00000110
00001111
00001110
00001101
00001100
00001100
00001011
00001010
00001001
00001001
00001000
00000111
00000110
00001110
00001110
00001101
00001100
00001100
00001011
00001010
00001001
00001001
00001000
00000111
00000111
00001110
00001101
00001101
00001100
00001011
00001011
00001010
00001010
00001001
00001000
00001000
00000111
00001101
00001101
00001100
00001100
00001011
00001011
00001010
00001010
00001001
00001001
00001000
00000111
00001101
00001101
00001100
00001100
00001011
00001011
00001010
00001010
00001001
00001001
00001000
00001000
00001101
00001100
00001100
00001100
00001011
00001011
00001010
00001010
00001001
00001001
00001001
00001000
00001100
00001100
00001100
00001011
00001011
00001011
00001010
00001010
00001010
00001001
00001001
00001000
00001100
00001100
00001011
00001011
00001011
00001011
00001010
00001010
00001010
00001010
00001001
00001001
00001100
00001011
00001011
00001011
00001011
00001011
00001010
00001010
00001010
00001010
00001010
00001001
00001011
00001011
00001011
00001011
00001011
00001011
00001010
00001010
00001010
00001010
00001010
00001010
00001011
00001011
00001011
00001011
00001011
00001011
00001011
00001010
00001010
00001010
00001010
00001010
00001010
00001010
00001010
00001011
00001011
00001011
00001011
00001011
00001011
00001010
00001010
00001010
00001010
00001010
00001010
00001010
00001010
00001011
00001011
00001011
00001011
00001011
00001011
00001011
00001010
00001010
00001010
00001010
00001010
00001010
00001011
00001011
00001011
00001011
00001011
00001011
00001001
00001010
00001010
00001010
00001010
00001010
00001011
00001011
00001011
00001011
00001011
00001100
00001001
00001001
00001010
00001010
00001010
00001010
00001011
00001011
00001011
00001011
00001100
00001100
00001000
00001001
00001001
00001010
00001010
00001010
00001011
00001011
00001011
00001100
00001100
00001100
00001000
00001001
00001001
00001001
00001010
00001010
00001011
00001011
00001100
00001100
00001100
00001101
00001000
00001000
00001001
00001001
00001010
00001010
00001011
00001011
00001100
00001100
00001101
00001101
00000111
00001000
00001001
00001001
00001010
00001010
00001011
00001011
00001100
00001100
00001101
00001101
00000111
00001000
00001000
00001001
00001010
00001010
00001011
00001011
00001100
00001101
00001101
00001110
00000111
00000111
00001000
00001001
00001001
00001010
00001011
00001100
00001100
00001101
00001110
00001110
00000110
00000111
00001000
00001001
00001001
00001010
00001011
00001100
00001100
00001101
00001110
00001111
00000110
00000111
00001000
00001000
00001001
00001010
00001011
00001100
00001101
00001101
00001110
00001111
00000101
00000110
00000111
00001000
00001001
00001010
00001011
00001100
00001101
00001110
00001111
00001111
00000101
00000110
00000111
00001000
00001001
00001010
00001011
00001100
00001101
00001110
00001111
00010000
00000101
00000110
00000111
00001000
00001001
00001010
00001011
00001100
00001101
00001110
00001111
00010000
00000100
00000101
00000111
00001000
00001001
00001010
00001011
00001100
00001101
00001110
00001111
00010000
00000100
00000101
00000110
00000111
00001001
00001010
00001011
00001100
00001101
00001111
00010000
00010001
00000011
00000101
00000110
00000111
00001001
00001010
00001011
00001100
00001110
00001111
00010000
00010001
00000011
00000100
00000110
00000111
00001000
00001010
00001011
00001100
00001110
00001111
00010000
00010010
00000011
00000100
00000110
00000111
00001000
00001010
00001011
00001101
00001110
00001111
00010001
00010010
00000010
00000100
00000101
00000111
00001000
00001010
00001011
00001101
00001110
00010000
00010001
00010010
00000010
00000011
00000101
00000111
00001000
00001010
00001011
00001101
00001110
00010000
00010001
00010011
00000010
00000011
00000101
00000110
00001000
00001010
00001011
00001101
00001110
00010000
00010010
00010011
00000001
00000011
00000100
00000110
00001000
00001010
00001011
00001101
00001111
00010000
00010010
00010011
00000001
00000011
00000100
00000110
00001000
00001001
00001011
00001101
00001111
00010000
00010010
00010100
