913 
3 
0 
192 
3 
1 
815 
0 
0 
700 
2 
0 
432 
3 
1 
3 
0 
0 
257 
1 
1 
214 
2 
0 
164 
0 
1 
77 
3 
1 
765 
1 
1 
518 
3 
1 
236 
2 
1 
429 
3 
1 
387 
1 
0 
980 
2 
1 
187 
1 
1 
545 
0 
1 
864 
1 
0 
148 
3 
0 
284 
0 
0 
266 
3 
1 
701 
0 
0 
954 
2 
0 
194 
3 
1 
541 
1 
1 
487 
2 
0 
385 
0 
1 
304 
3 
0 
841 
2 
0 
227 
1 
1 
127 
0 
1 
935 
1 
1 
307 
3 
1 
658 
1 
0 
530 
2 
1 
177 
3 
0 
512 
1 
1 
53 
2 
1 
960 
3 
0 
482 
2 
1 
241 
1 
0 
205 
0 
0 
76 
2 
0 
432 
0 
1 
399 
2 
0 
818 
1 
0 
388 
0 
0 
367 
3 
1 
565 
0 
0 
666 
1 
0 
497 
0 
1 
548 
2 
1 
242 
3 
1 
503 
3 
1 
927 
0 
1 
358 
2 
0 
508 
2 
1 
399 
2 
0 
723 
2 
0 
938 
2 
0 
303 
0 
1 
583 
3 
0 
90 
0 
0 
221 
2 
0 
908 
0 
1 
378 
1 
1 
98 
3 
0 
851 
3 
1 
308 
3 
1 
239 
2 
1 
856 
1 
1 
846 
1 
1 
412 
1 
0 
826 
1 
0 
740 
1 
1 
37 
2 
0 
458 
0 
0 
481 
3 
1 
880 
1 
0 
696 
2 
0 
448 
1 
1 
498 
2 
1 
441 
3 
0 
411 
1 
0 
844 
1 
0 
206 
0 
0 
90 
3 
0 
977 
3 
0 
960 
3 
1 
364 
2 
1 
868 
3 
0 
977 
1 
0 
768 
0 
0 
835 
2 
0 
974 
3 
1 
30 
1 
0 
979 
2 
1 
732 
2 
1 
478 
2 
1 
